#==============================================================================
#
# シーンデータスクリプト
# Author : masayasu wakita
#
#==============================================================================
SCRIPT

FIELDSET
	POS = 0.00 0.00 0.00
	VERTEXINFO
		-19451.00, -5000.00, -18838.00, 1.00, 1.00, 1.00, 1.00
		-19451.00, -2000.00, -18838.00, 1.00, 1.00, 1.00, 1.00
		-20720.00, -5000.00, -18790.00, 1.00, 1.00, 1.00, 1.00
		-20720.00, -2000.00, -18790.00, 1.00, 1.00, 1.00, 1.00
		-22397.00, -5000.00, -17450.00, 1.00, 1.00, 1.00, 1.00
		-22397.00, -2000.00, -17450.00, 1.00, 1.00, 1.00, 1.00
		-24006.00, -5000.00, -15672.00, 1.00, 1.00, 1.00, 1.00
		-24006.00, -2000.00, -15672.00, 1.00, 1.00, 1.00, 1.00
		-24686.00, -5000.00, -13590.00, 1.00, 1.00, 1.00, 1.00
		-24686.00, -2000.00, -13590.00, 1.00, 1.00, 1.00, 1.00
		-23411.00, -5000.00, -6421.00, 1.00, 1.00, 1.00, 1.00
		-23411.00, -2000.00, -6421.00, 1.00, 1.00, 1.00, 1.00
		-24553.00, -5000.00, -3477.00, 1.00, 1.00, 1.00, 1.00
		-24553.00, -2000.00, -3477.00, 1.00, 1.00, 1.00, 1.00
		-25311.00, -5000.00, -1166.00, 1.00, 1.00, 1.00, 1.00
		-25311.00, -2000.00, -1166.00, 1.00, 1.00, 1.00, 1.00
		-24976.00, -5000.00, 1316.00, 1.00, 1.00, 1.00, 1.00
		-24976.00, -2000.00, 1316.00, 1.00, 1.00, 1.00, 1.00
		-22503.00, -5000.00, 3700.00, 1.00, 1.00, 1.00, 1.00
		-22503.00, -2000.00, 3700.00, 1.00, 1.00, 1.00, 1.00
		-22350.00, -5000.00, 7044.00, 1.00, 1.00, 1.00, 1.00
		-22350.00, -2000.00, 7044.00, 1.00, 1.00, 1.00, 1.00
		-20543.00, -5000.00, 12598.00, 1.00, 1.00, 1.00, 1.00
		-20543.00, -2000.00, 12598.00, 1.00, 1.00, 1.00, 1.00
		-17285.00, -5000.00, 13632.00, 1.00, 1.00, 1.00, 1.00
		-17285.00, -2000.00, 13632.00, 1.00, 1.00, 1.00, 1.00
		-12183.00, -5000.00, 17149.00, 1.00, 1.00, 1.00, 1.00
		-12183.00, -2000.00, 17149.00, 1.00, 1.00, 1.00, 1.00
		-5241.00, -5000.00, 15942.00, 1.00, 1.00, 1.00, 1.00
		-5241.00, -2000.00, 15942.00, 1.00, 1.00, 1.00, 1.00
		10683.00, -5000.00, 18864.00, 1.00, 1.00, 1.00, 1.00
		10683.00, -2000.00, 18864.00, 1.00, 1.00, 1.00, 1.00
		14777.00, -5000.00, 18884.00, 1.00, 1.00, 1.00, 1.00
		14777.00, -2000.00, 18884.00, 1.00, 1.00, 1.00, 1.00
		18625.00, -5000.00, 18769.00, 1.00, 1.00, 1.00, 1.00
		18625.00, -2000.00, 18769.00, 1.00, 1.00, 1.00, 1.00
		22490.00, -5000.00, 17590.00, 1.00, 1.00, 1.00, 1.00
		22490.00, -2000.00, 17590.00, 1.00, 1.00, 1.00, 1.00
		25062.00, -5000.00, 15996.00, 1.00, 1.00, 1.00, 1.00
		25062.00, -2000.00, 15996.00, 1.00, 1.00, 1.00, 1.00
		26694.00, -5000.00, 13145.00, 1.00, 1.00, 1.00, 1.00
		26694.00, -2000.00, 13145.00, 1.00, 1.00, 1.00, 1.00
		27250.00, -5000.00, 10299.00, 1.00, 1.00, 1.00, 1.00
		27250.00, -2000.00, 10299.00, 1.00, 1.00, 1.00, 1.00
		26458.00, -5000.00, 6186.00, 1.00, 1.00, 1.00, 1.00
		26458.00, -2000.00, 6186.00, 1.00, 1.00, 1.00, 1.00
		24921.00, -5000.00, 3856.00, 1.00, 1.00, 1.00, 1.00
		24921.00, -2000.00, 3856.00, 1.00, 1.00, 1.00, 1.00
		21584.00, -5000.00, 1467.00, 1.00, 1.00, 1.00, 1.00
		21584.00, -2000.00, 1467.00, 1.00, 1.00, 1.00, 1.00
		17100.00, -5000.00, 544.00, 1.00, 1.00, 1.00, 1.00
		17100.00, -2000.00, 544.00, 1.00, 1.00, 1.00, 1.00
		15697.00, -5000.00, -1353.00, 1.00, 1.00, 1.00, 1.00
		15697.00, -2000.00, -1353.00, 1.00, 1.00, 1.00, 1.00
		16608.00, -5000.00, -4390.00, 1.00, 1.00, 1.00, 1.00
		16608.00, -2000.00, -4390.00, 1.00, 1.00, 1.00, 1.00
		15769.00, -5000.00, -6579.00, 1.00, 1.00, 1.00, 1.00
		15769.00, -2000.00, -6579.00, 1.00, 1.00, 1.00, 1.00
		13755.00, -5000.00, -8894.00, 1.00, 1.00, 1.00, 1.00
		13755.00, -2000.00, -8894.00, 1.00, 1.00, 1.00, 1.00
		12705.00, -5000.00, -10611.00, 1.00, 1.00, 1.00, 1.00
		12705.00, -2000.00, -10611.00, 1.00, 1.00, 1.00, 1.00
		13555.00, -5000.00, -13264.00, 1.00, 1.00, 1.00, 1.00
		13555.00, -2000.00, -13264.00, 1.00, 1.00, 1.00, 1.00
		14725.00, -5000.00, -15907.00, 1.00, 1.00, 1.00, 1.00
		14725.00, -2000.00, -15907.00, 1.00, 1.00, 1.00, 1.00
		14625.00, -5000.00, -17503.00, 1.00, 1.00, 1.00, 1.00
		14626.00, -2000.00, -17503.00, 1.00, 1.00, 1.00, 1.00
		13850.00, -5000.00, -19175.00, 1.00, 1.00, 1.00, 1.00
		13850.00, -2000.00, -19175.00, 1.00, 1.00, 1.00, 1.00
		12946.00, -5000.00, -20220.00, 1.00, 1.00, 1.00, 1.00
		12946.00, -2000.00, -20220.00, 1.00, 1.00, 1.00, 1.00
		10806.00, -5000.00, -20910.00, 1.00, 1.00, 1.00, 1.00
		10806.00, -2000.00, -20910.00, 1.00, 1.00, 1.00, 1.00
		7020.00, -5000.00, -21570.00, 1.00, 1.00, 1.00, 1.00
		7020.00, -2000.00, -21570.00, 1.00, 1.00, 1.00, 1.00
		4838.00, -5000.00, -21309.00, 1.00, 1.00, 1.00, 1.00
		4838.00, -2000.00, -21309.00, 1.00, 1.00, 1.00, 1.00
		-669.00, -5000.00, -18849.00, 1.00, 1.00, 1.00, 1.00
		-669.00, -2000.00, -18849.00, 1.00, 1.00, 1.00, 1.00
		-2782.00, -5000.00, -17607.00, 1.00, 1.00, 1.00, 1.00
		-2782.00, -2000.00, -17607.00, 1.00, 1.00, 1.00, 1.00
		-8477.00, -5000.00, -17801.00, 1.00, 1.00, 1.00, 1.00
		-8477.00, -2000.00, -17801.00, 1.00, 1.00, 1.00, 1.00
		-16375.00, -5000.00, -19010.00, 1.00, 1.00, 1.00, 1.00
		-16375.00, -2000.00, -19010.00, 1.00, 1.00, 1.00, 1.00
		-18365.00, -5000.00, -19084.00, 1.00, 1.00, 1.00, 1.00
		-18365.00, -2000.00, -19084.00, 1.00, 1.00, 1.00, 1.00
		-19451.00, -5000.00, -18838.00, 1.00, 1.00, 1.00, 1.00
		-19451.00, -2000.00, -18838.00, 1.00, 1.00, 1.00, 1.00
		-19451.00, -5000.00, -18838.00, 1.00, 1.00, 1.00, 1.00
		-19451.00, -2000.00, -18838.00, 1.00, 1.00, 1.00, 1.00
		-19451.00, -5000.00, -18838.00, 1.00, 1.00, 1.00, 1.00
		-19451.00, -2000.00, -18838.00, 1.00, 1.00, 1.00, 1.00
		-19451.00, -5000.00, -18838.00, 1.00, 1.00, 1.00, 1.00
		-19451.00, -2000.00, -18838.00, 1.00, 1.00, 1.00, 1.00
		-19451.00, -5000.00, -18838.00, 1.00, 1.00, 1.00, 1.00
		-19451.00, -2000.00, -18838.00, 1.00, 1.00, 1.00, 1.00
		-19451.00, -5000.00, -18838.00, 1.00, 1.00, 1.00, 1.00
		-19451.00, -2000.00, -18838.00, 1.00, 1.00, 1.00, 1.00
		-19451.00, -5000.00, -18838.00, 1.00, 1.00, 1.00, 1.00
		-19451.00, -2000.00, -18838.00, 1.00, 1.00, 1.00, 1.00
	END_VERTEXINFO
END_FIELDSET

END_SCRIPT
